00000000
11111111
11111111
11111111
11111111
11111111
11111111
00000000
00001110
10110000
01101001
00000000
00000000
00000000
00000000
00000000
11111111
00100010
00000001
00000011
10000000
00000100
00001001
00000000
00001010
00000000
00000000
00000000
00000000
00000000
00000000
00000000
00000000
00000000
00000000
00000000
00000000
00000000
00000001
00000000
00000001
00000000
00000001
00000000
00000001
00000000
00000001
00000000
00000001
00000000
00000001
00000000
00000001
00000000
11100010
00000100
11100000
00000010
00010000
11000000
00000010
00110000
00000010
00000010
00100010
00000000
00000000
00000000
00000000
00000000
00000000
00011110
00000000
00000000
00000000
00010000
00000000
00000000
00000000
00000000
00000000
00000000
00000000
00000000
00000000
00000000
00000000
00000000
00000000
00000000
00000000
00000000
00000000
00010000
00000000
00000000
00000000
00000000
00000000
00000000
00000000
00000000
00000000
00000000
00000000
00000000
00000000
00000000
00000000
00000000
00000000
00000000
00000000
00000000
00000000
00000000
00000000
00000000
00000000
00000000
00000000
00000000
00000000
00000000
00000000
00000000
00000000
11101101
