00000000
11111111
11111111
11111111
11111111
11111111
11111111
00000000
00001110
10110000
01101001
00000000
10100100
00000001
00000000
00000000
11111111
00100010
00000001
00000011
10000000
00000100
00001001
01111000
00001010
01101110
10100101
10100011
01010100
01001111
10011111
00100110
00010001
01010000
01010100
00000000
00000000
00000000
00000001
00000001
00000001
00000001
00000001
00000001
00000001
00000001
00000001
00000001
00000001
00000001
00000001
00000001
00000001
00000001
01000000
00001110
10010000
11001000
00010000
11000000
00110001
00110000
00100000
10001000
00111010
00000100
01011000
11110001
00100011
00000000
00000000
00011000
00000000
00000000
00000000
11111110
00000000
01010000
01110101
01110010
01100101
00100000
01000011
01101111
01110000
01101001
01110101
01101101
00001010
00100000
00000000
00000000
00000000
11111100
00000000
01000011
01110101
01110000
01110010
01110101
01101101
00001010
00100000
00100000
00100000
00100000
00100000
00100000
00000000
00000000
00000000
00010000
00000000
00000000
00000000
00000000
00000000
00000000
00000000
00000000
00000000
00000000
00000000
00000000
00000000
00000000
00000001
00111110
00000010
00000011
00000110
00000001
01000001
00000001
01000000
00001110
10010000
11001000
00010000
11000000
00110001
00110000
00100000
10001000
00111010
00000100
01011000
11000110
00100011
00000000
00000000
00011000
00000000
00000000
00000000
00000000
00000000
00000000
00000000
00000000
00000000
00000000
00000000
00000000
00000000
00000000
00000000
00000000
00000000
00000000
00000000
00000000
00000000
00000000
00000000
00000000
00000000
00000000
00000000
00000000
00000000
00000000
00000000
00000000
00000000
00000000
00000000
00000000
00000000
00000000
00000000
00000000
00000000
00000000
00000000
00000000
00000000
00000000
00000000
00000000
00000000
00000000
00000000
00000000
00000000
00000000
00000000
00000000
00000000
00000000
00000000
00000000
00000000
00000000
00000000
00000000
00000000
00000000
00000000
00000000
00000000
00000000
00000000
00000000
00000000
00000000
00000000
00000000
00000000
00000000
00000000
00000000
00000000
00000000
00000000
00000000
00000000
00000000
00000000
00000000
00000000
00000000
00000000
00000000
00000000
00000000
00000000
00000000
00000000
00000000
00000000
00000000
00000000
00000000
00000000
10011100
